36733
46002
36737
53879
36738
36739
36741
36742
36743
36744
36733
46002
36737
53879
36738
36739
36741
36742
36743
36744
36733
46002
36737
53879
36738
36739
36741
36742
36743
36744
36733
46002
36737
53879
36738
36739
36741
36742
36743
36744
36733
46002
36737
53879
36738
36739
36741
36742
36743
36744
36733
46002
36737
53879
36738
36739
36741
36742
36743
36744
36733
46002
36737
53879
36738
36739
36741
36742
36743
36744
36733
46002
36737
53879
36738
36739
36741
36742
36743
36744
36733
46002
36737
53879
36738
36739
36741
36742
36743
36744
36733
46002
36737
53879
36738
36739
36741
36742
36743
36744
36733
46002
36737
53879
36738
36739
36741
36742
36743
36744
36733
46002
36737
53879
36738
36739
36741
36742
36743
36744
36733
46002
36737
53879
36738
36739
36741
36742
36743
36744
36733
46002
36737
53879
36738
36739
36741
36742
36743
36744
36733
46002
36737
53879
36738
36739
36741
36742
36743
36744
36733
46002
36737
53879
36738
36739
36741
36742
36743
36744
36733
46002
36737
53879
36738
36739
36741
36742
36743
36744
36733
46002
36737
53879
36738
36739
36741
36742
36743
36744
36733
46002
36737
53879
36738
36739
36741
36742
36743
36744
36733
46002
36737
53879
36738
36739
36741
36742
36743
36744
36733
46002
36737
53879
36738
36739
36741
36742
36743
36744
36733
46002
36737
53879
36738
36739
36741
36742
36743
36744
36733
46002
36737
53879
36738
36739
36741
36742
36743
36744
36733
46002
36737
53879
36738
36739
36741
36742
36743
36744
