44137
44139
44140
50290
57519
50292
50293
50295
50300
50296
50297
50298
59400
50523
57502
53890
53896
44115
48391
53889
46318
59403
44102
44125
30436
30437
30438
30439
30440
30441
30442
30443
30444
30445
30106
30108
30109
30110
30111
30112
30113
43094
30115
43067
49958
49959
49960
49961
49962
49963
49964
53780
53781
53782
58825
59518
59519
59520
59521
59522
59523
59524
59525
59526
30138
30139
30140
30141
30142
30143
30144
55561
55562
58827
57008
58828
58829
58830
59487
57225
55576
58831
58833
58835
58834
58305
58308
30191
54387
30195
30196
48857
48841
30181
30182
30183
30185
30211
30214
42591
30216
30206
30218
